155902
464253
95431
264685
849920
155298
593774
11572
456995
817697
210921
867371
723444
657497
11493
659310
773604
255918
830159
801722
818568
194984
71780
279703
802682
524970
294884
553122
177245
781388
515172
640502
372798
220568
910083
589239
224727
566942
633844
784122
610285
819828
668730
562772
492953
666510
603827
368574
772771
870390
979403
442018
107209
820455
194897
534468
453024
280780
925286
912976
93970
649232
310354
536764
801925
852449
944368
261145
675741
140039
691850
446780
76567
204891
887935
943683
31894
967781
71585
156166
986555
876374
84699
927900
660589
225566
762383
916871
928312
136555
166334
149117
997393
349120
481313
106515
709368
276397
585556
202056
765046
81136
174962
944556
522630
212136
365692
945324
747216
201138
943666
327034
886032
721379
268484
766877
614101
641952
169762
846866
27686
364188
876080
883166
841535
542511
887381
84785
784569
137168
308403
754104
201927
777775
584497
658624
748572
986673
300787
464514
31594
811209
530283
694287
679558
423792
234889
182105
784040
729600
862862
385883
699598
395763
355518
106662
613567
40307
818356
580234
969453
930269
583119
251485
827764
808983
45066
214059
838911
651466
6570
474682
608393
473214
917712
831608
216577
142161
718190
58691
545159
125780
998230
767381
259860
78146
905262
337738
367478
306654
821888
299088
421432
31784
136238
773482
305376
79099
727939
426848
170449
143814
144932
303367
500177
433829
449317
544105
700005
359195
409784
353680
185497
922798
450432
708660
755612
556063
655939
33214
915719
363205
600638
276664
992382
893701
208083
133972
640175
980272
779614
706838
600504
649337
457765
68766
166373
25297
925229
5078
399959
618529
14313
620340
545664
110756
130062
376556
184330
54402
324982
11863
90364
655602
858295
30819
433993
646787
536015
340358
194635
948384
632638
348374
218680
123250
278771
748138
545560
255598
725683
692409
941624
366087
774114
69984
530888
452421
68977
120386
843666
172718
109925
27722
314519
646368
671488
961676
755720
580672
593742
343497
74206
879629
80589
24465
694294
256782
621754
162243
311629
348842
804980
419312
379187
543830
776655
658462
761199
731368
517624
549480
712335
287435
267904
317698
70250
13899
429255
705627
28181
378128
404870
647579
111422
592744
329464
967116
591016
618493
305382
73237
595331
453478
333006
286240
628263
594776
496111
479645
963629
789245
37364
626976
563754
569053
364090
463142
837833
189433
561152
163445
180740
120439
990506
257505
405631
979639
399090
145322
868481
752835
234347
394499
150543
185893
172339
548782
718439
806163
230773
937154
81750
812102
682328
742223
487222
205289
413960
720280
668296
229420
839007
703422
275050
41975
334639
221566
383733
681084
266607
434577
206389
949221
703423
118514
753605
142509
376345
572924
476295
553355
729110
276977
777982
35464
732314
794199
110344
118193
681694
831804
251067
422121
830360
713819
173594
836182
339977
597847
902323
853819
316643
876836
106201
183782
864020
61573
851578
550720
985907
880431
895452
211714
807750
799373
943352
191751
284014
34781
654387
49660
992175
558392
189301
803891
666720
60270
370280
412567
670891
896143
636687
864570
734530
895367
77440
784074
189727
650273
478400
569635
946485
970092
317561
63358
727480
64379
77594
722822
656198
476165
912459
240779
174513
155629
512140
359696
319402
673629
117353
101246
807051
547915
818588
842108
68032
977374
486911
140310
329811
909865
24172
596890
887315
591253
584307
849410
905569
898142
725431
852299
801623
833204
826917
94052
855637
472769
714770
289922
641129
75466
361520
341200
238874
335407
391725
705284
313874
180684
721449
623181
928997
141570
723281
839720
151746
924048
902237
833490
549621
811098
717794
775832
630998
611660
636756
331338
32594
898776
486364
706702
882515
968603
714770
201616
520847
750685
836120
565463
492906
853495
817362
450099
220745
285391
930245
728595
526196
81087
711307
961651
45991
216980
665456
776562
827318
665970
526125
69249
962202
675477
580286
945591
974300
281650
914274
419650
917596
444668
959215
474105
495358
981954
468815
986956
717618
841077
179803
693213
703903
64904
815314
17191
720684
547312
963254
589340
474155
33739
359171
70158
698593
476253
855821
12419
898934
762229
800629
853035
842422
573358
3079
675565
251201
783505
117363
285725
642453
638104
969318
781067
159862
595917
516037
937333
551032
683089
275654
977564
886889
76217
14122
230771
209757
671955
462171
939828
598998
122310
719774
834638
52112
135959
5748
688697
654247
26184
158803
122985
874854
582043
874492
56608
47981
232628
394809
575710
119038
798300
467509
656884
545316
444578
607479
409847
880320
542236
128572
664527
203889
117771
25009
39983
921631
857372
609482
311903
491237
462859
492802
339700
318361
766306
871023
490146
91192
107616
679553
110376
384691
36980
434391
496937
810960
933928
30013
911707
207807
206811
113030
781528
178874
696423
904579
642258
187671
964449
123165
587812
928429
573182
608084
34755
103073
560274
54996
980179
75532
275892
841009
512086
962570
987646
90688
455487
778466
581361
209361
210789
434189
338613
387980
851795
792421
629309
407463
176508
124907
506633
900801
527883
519541
453189
879582
223257
725298
546447
405696
414520
108251
162710
127262
978220
571256
638430
995651
339641
813580
135391
298886
528216
821855
211341
255650
135939
87654
210483
762033
462384
256528
119417
686730
960154
934703
332740
113715
766842
153474
466684
594309
962965
708827
303593
425563
41455
986033
613239
751670
815837
421444
834840
76785
485880
283113
561608
429275
332269
492209
890988
827510
334194
464762
364884
113419
555155
596305
985887
142120
801450
805698
468414
802360
696173
598591
987601
447997
709473
713449
692397
654956
181485
539837
559103
591588
776073
235870
105610
445901
159125
193851
948620
420042
978566
635676
867902
165978
393211
454095
154619
212560
338990
428137
458040
586029
148678
257851
839985
407959
83209
103763
908645
438584
516206
842603
222455
344950
196048
427315
99318
414218
105087
409206
771766
287935
46705
253035
127517
962761
938838
314331
734714
526400
948233
877737
107151
717495
142690
214339
144559
406013
136936
283364
731394
849712
980260
435331
572454
942840
894352
754843
906032
322919
990767
581784
950096
314347
374262
977371
222098
757422
327592
791850
720257
377035
224063
420279
547686
523116
941574
197259
785326
855620
75012
394255
826345
286438
943506
528503
748719
898497
367630
153100
123805
135032
502248
374996
659197
598050
828633
690463
993476
2331
641780
234417
746740
598405
590677
220167
850722
911199
827637
342792
378770
585535
588832
300681
34174
850607
974141
51965
245814
420130
669196
543672
269281
730194
797743
627166
753953
565431
574559
41388
222933
437221
531327
786338
490936
549059
991245
541772
899878
667683
911477
879660
829183
949379
853952
955654
342820
878495
945385
632392
603806
252273
15248
301843
21407
410887
987784
650602
90464
993278
238219
876214
286185
337312
339853
489779
538543
